inlf hours kidslt6 kidsge6 age educ    wage repwage hushrs husage huseduc
1     1  1610       1       0  32   12  3.3540    2.65   2708     34      12
2     1  1656       0       2  30   12  1.3889    2.65   2310     30       9
3     1  1980       1       3  35   12  4.5455    4.04   3072     40      12
4     1   456       0       3  34   12  1.0965    3.25   1920     53      10
5     1  1568       1       2  31   14  4.5918    3.60   2000     32      12
6     1  2032       0       0  54   12  4.7421    4.70   1040     57      11
7     1  1440       0       2  37   16  8.3333    5.95   2670     37      12
8     1  1020       0       0  54   12  7.8431    9.98   4120     53       8
9     1  1458       0       2  48   12  2.1262    0.00   1995     52       4
10    1  1600       0       2  39   12  4.6875    4.15   2100     43      12
11    1  1969       0       1  33   12  4.0630    4.30   2450     34      12
12    1  1960       0       1  42   11  4.5918    4.58   2375     47      14
13    1   240       1       2  30   12  2.0833    0.00   2830     33      16
14    1   997       0       2  43   12  2.2668    3.50   3317     46      12
15    1  1848       0       1  43   10  3.6797    3.38   2024     45      17
16    1  1224       0       3  35   11  1.3472    0.00   1694     38      12
17    1  1400       0       2  43   12  3.2143    4.00   2156     45      12
18    1   640       0       5  39   12  5.1750    2.25   2250     40      12
19    1  2000       0       0  45   12  2.0000    2.30   2024     51      11
20    1  1324       0       4  35   12  7.5529    3.94   2123     40      10
21    1  2215       0       2  42   16  3.5052    3.30   4160     48      16
22    1  1680       0       0  30   12  3.5714    3.80   2000     35      12
23    1  1600       0       0  48   13  3.2500    3.26   2420     52      17
24    1   800       0       0  45   12  3.2500    2.20   1150     53      17
25    1  1955       1       1  31   12  2.1545    2.30   2024     31      12
26    1   660       0       2  43   17  3.7879    0.00   1904     43      17
27    1   525       0       0  59   12  4.0000    3.18   2448     53      16
28    1  1904       0       3  32   12  4.7269    6.07   2000     33      13
29    1  1516       1       0  31   17  7.2559    6.00   2390     30      17
30    1   346       0       0  42   12  5.8671    6.39   1920     47      10
31    1  1040       0       0  50   11  1.5385    0.00   1840     53      10
32    1   732       0       0  59   16  2.4590    2.50   3360     57      17
33    1  1880       0       2  36   13  5.8511    5.20   2284     35      13
34    1  1680       0       1  51   12  3.5714    3.29   1875     50       8
35    1  2081       0       3  45   16  3.8068    4.19   2140     47      17
36    1   690       0       1  42   11  2.4638    0.00   1896     44       8
37    1  4210       0       0  46   12  2.3753    4.63   1040     49      16
38    1  2205       0       1  46   10  4.5351    4.55   2200     52      12
39    1  1952       0       0  51   14  5.6183    5.60   1952     58      12
40    1  1302       0       0  30   17 14.6310    9.53   1560     30      17
41    1   112       1       2  30   12  2.6786    0.00   4030     33      16
42    1   893       0       0  57   12  3.9194    3.50   2570     58      12
43    1   583       1       2  31   16  2.5729    9.98   1530     34      16
44    1   480       0       2  48   12  4.5375    4.65   3149     48       8
45    1  1900       0       3  30   12  2.0000    2.23   2690     32      12
   huswage faminc    mtr motheduc fatheduc unem city exper  nwifeinc      lwage
1   4.0288  16310 0.7215       12        7  5.0    0    14 10.910060 1.21015370
2   8.4416  21800 0.6615        7        7 11.0    1     5 19.499981 0.32851210
3   3.5807  21040 0.6915       12        7  5.0    0    15 12.039910 1.51413774
4   3.5417   7300 0.7815        7        7  5.0    0     6  6.799996 0.09212332
5  10.0000  27300 0.6215       12       14  9.5    1     7 20.100058 1.52427220
6   6.7106  19495 0.6915       14        7  7.5    1    33  9.859054 1.55648005
7   3.4277  21152 0.6915       14        7  5.0    0    11  9.152048 2.12025952
8   2.5485  18900 0.6915        3        3  5.0    0    35 10.900038 2.05963421
9   4.2206  20405 0.7515        7        7  3.0    0    24 17.305000 0.75433636
10  5.7143  20425 0.6915        7        7  5.0    0    21 12.925000 1.54489934
11  9.7959  32300 0.5815       12        3  5.0    0    15 24.299953 1.40192163
12  8.0000  28700 0.6215       14        7  5.0    0    14 19.700071 1.52427220
13  5.3004  15500 0.7215       16       16  5.0    0     0 15.000008 0.73395324
14  4.3413  16860 0.7215       10       10  7.5    1    14 14.600000 0.81836909
15 10.8700  31431 0.5815        7        7  7.5    1     6 24.630915 1.30283117
16  9.1499  19180 0.7215       16       10  7.5    1     9 17.531027 0.29802838
17  6.1224  18600 0.6915       10        7  7.5    1    20 14.099980 1.16760957
18  6.1498  19151 0.7215       12       12  7.5    1     6 15.839000 1.64383936
19  6.9170  18100 0.6915        7        7  5.0    1    23 14.100000 0.69314718
20  4.7103  20300 0.6915       12        7  5.0    0     9 10.299961 2.02193165
21  3.1310  30419 0.6215       10       16  7.5    0     5 22.654982 1.25424755
22  4.0000  14090 0.7215       12       10  3.0    0    11  8.090048 1.27295768
23  7.2227  22679 0.6615        7        3  5.0    1    18 17.479000 1.17865503
24  7.9652  12160 0.7215        7        7 11.0    0    15  9.560000 1.17865503
25  4.0884  12487 0.7515       12        7  5.0    1     4  8.274953 0.76755869
26 14.1810  29850 0.5815       16       14  9.5    1    21 27.349985 1.33181179
27  6.5359  18100 0.6915        3        7  9.5    1    31 16.000000 1.38629436
28  8.5000  26000 0.6615        3        7 11.0    1     9 16.999983 1.55326962
29  6.2762  26100 0.6215       12       12  5.0    0     7 15.100056 1.98181486
30  5.2083  17730 0.7215       12       12  9.5    0     7 15.699984 1.76936042
31  2.7821   6719 0.7515        7        7  7.5    1    32  5.118960 0.43080789
32  4.9107  18550 0.6915        3        3 14.0    1    11 16.750011 0.89975482
33  5.8669  24600 0.6615       12       10  7.5    0    16 13.599932 1.76662970
34  7.5200  23100 0.6915        7       14  5.0    1    14 17.100048 1.27295768
35  7.5449  24656 0.6615       12       12  5.0    1    27 16.734049 1.33678889
36  5.5380  15897 0.7515       10        3  7.5    0     0 14.196978 0.90170485
37  6.9231  20320 0.6915        3        3 11.0    1    17 10.319987 0.86512369
38  5.0000  21384 0.6615       10        3 11.0    0    28 11.384105 1.51184714
39  7.3064  25561 0.6215        7        7 14.0    0    24 14.594078 1.72602916
40 11.2180  36550 0.5800       14       17  5.0    1    11 17.500439 2.68314242
41  3.8462  15810 0.7215       12       12  3.0    0     1 15.509996 0.98529428
42  5.8366  25500 0.6215        9        9  7.5    1    14 21.999975 1.36593854
43 13.7250  24000 0.6615       14       16  9.5    1     6 22.500000 0.94503367
44  6.3493  22172 0.6615        3        3  5.0    0    10 19.993999 1.51237619
45  5.2528  17930 0.7215       12        7  5.0    0     6 14.130000 0.69314718
   expersq
1      196
2       25
3      225
4       36
5       49
6     1089
7      121
8     1225
9      576
10     441
11     225
12     196
13       0
14     196
15      36
16      81
17     400
18      36
19     529
20      81
21      25
22     121
23     324
24     225
25      16
26     441
27     961
28      81
29      49
30      49
31    1024
32     121
33     256
34     196
35     729
36       0
37     289
38     784
39     576
40     121
41       1
42     196
43      36
44     100
45      36
 [ reached 'max' / getOption("max.print") -- omitted 708 rows ]
> 
